-9.63321
-10.0036
-10.0036
-10.0036
-10.3739
-10.3739
-10.0036
-10.0036
-9.63321
-9.2625
-9.2625
-8.89214
-9.2625
-8.89214
-7.41
-7.78071
-7.78071
-7.03964
-7.03964
-6.66893
-5.92821
-5.5575
-5.18714
-4.07571
-3.705
-2.96393
-2.22321
-1.11143
-0.370714
1.11143
2.22286
2.96393
3.33429
3.33429
3.33429
2.59357
2.22286
2.22286
2.22286
2.59357
2.59357
1.8525
1.11143
0.370357
-0.741071
-0.741071
-0.741071
-1.11143
-1.11143
-1.48214
-1.11143
-0.741071
-0.370714
1.01506e-14
0.370357
0.741071
0.741071
1.8525
2.22286
2.96393
3.33429
3.705
4.44607
4.81643
5.18679
5.92786
6.29857
7.41
8.89179
9.63286
11.115
12.2264
12.9675
14.82
15.5607
15.9314
16.3018
17.4132
18.1543
18.8954
19.6364
20.3775
21.8593
22.9707
23.7118
23.7118
23.3414
24.0825
24.0825
24.4529
24.8232
25.1939
26.3054
27.4168
27.4168
27.4168
27.4168
27.7875
27.7875
27.0464
26.3054
25.5643
24.4529
23.3414
23.7118
22.6004
21.4889
20.3775
20.3775
19.2657
18.8954
18.8954
20.0068
21.1182
22.6004
21.8593
20.3775
19.6364
18.8954
18.525
18.1543
16.6725
16.6725
18.525
18.8954
18.8954
20.0068
20.3775
20.0068
20.0068
20.0068
20.0068
20.3775
21.1182
20.3775
20.0068
19.6364
19.6364
19.2657
18.525
18.1543
17.0429
15.9314
14.82
13.7082
12.5968
11.115
9.63286
8.89179
7.78036
6.66893
5.92786
5.18679
4.44607
3.705
2.59357
1.8525
1.11143
-0.370714
5.07531e-14
5.07531e-14
-0.370714
-1.11143
-0.370714
-0.741071
-1.11143
-1.8525
-2.96393
-2.96393
-4.07571
-5.18714
-6.29857
-7.78071
-9.2625
-10.3739
-11.115
-12.9675
-12.9675
-12.9675
-12.9675
-13.3382
-13.7086
-14.0789
-14.4496
-14.82
-15.1907
-14.82
-15.1907
-15.9314
-16.6725
-17.0432
-17.0432
-17.0432
-17.4136
-16.3021
-16.3021
-16.3021
-16.3021
-16.3021
-16.3021
-16.3021
-15.5611
-15.1907
-14.4496
-14.4496
-13.7086
-13.3382
-13.7086
-14.82
-15.1907
-14.82
-14.4496
-15.1907
-17.4136
-18.525
-18.8954
-19.2661
-19.2661
-18.8954
-18.8954
-18.8954
-19.2661
-19.6364
-17.7839
-16.6725
-16.3021
-15.9314
-15.5611
-15.5611
-15.1907
-15.1907
-14.82
-14.82
-14.82
-14.4496
-14.0789
-13.7086
-13.3382
-12.9675
-12.5971
-12.5971
-12.2264
-12.2264
-11.8561
-11.8561
-11.115
-10.3739
-11.115
-11.115
-10.7446
-9.63321
-10.3739
-10.7446
-11.8561
-12.5971
-12.5971
-12.9675
-13.3382
-12.9675
-12.9675
-12.9675
-12.5971
-12.5971
-12.5971
-12.2264
-11.8561
-11.8561
-11.115
-10.7446
-10.7446
-10.0036
-9.63321
-9.2625
-9.2625
-9.2625
-8.15107
-7.41
-7.03964
-6.29857
-5.92821
-5.18714
-4.07571
-2.96393
-2.22321
-0.741071
-5.07531e-14
0.741071
1.48179
1.48179
1.11143
0.741071
0.741071
-5.07531e-14
0.741071
0.370357
-6.09037e-14
-0.370714
-0.741071
-1.48214
-2.59357
-3.705
-3.33464
-3.33464
-3.705
-3.705
-2.96393
-2.96393
-2.96393
-2.59357
-1.8525
-1.11143
0.370357
0.370357
0.370357
0.741071
0.741071
1.48179
1.8525
2.22286
2.59357
2.59357
3.33429
4.44607
5.18679
6.29857
7.78036
8.89179
10.0036
11.115
12.2264
13.7082
14.82
15.1904
15.9314
17.0429
17.4132
18.525
20.0068
20.7479
22.23
22.6004
22.6004
22.9707
23.3414
23.3414
24.0825
24.4529
26.3054
27.0464
27.0464
27.0464
27.4168
27.4168
27.0464
27.7875
28.1579
28.5282
27.7875
27.4168
26.6757
25.1939
24.4529
23.7118
22.6004
21.8593
21.1182
20.0068
18.1543
16.3018
17.0429
18.1543
18.1543
17.7839
17.7839
18.525
18.525
17.7839
17.7839
17.7839
17.7839
17.7839
17.7839
17.4132
17.7839
18.8954
18.525
18.8954
19.2657
18.8954
18.1543
17.7839
16.6725
15.9314
16.3018
16.6725
16.3018
15.5607
14.82
14.0789
12.9675
11.8561
10.7443
9.63286
8.52143
7.41
6.29857
5.5575
4.44607
3.33429
2.22286
1.48179
-0.370714
-0.370714
-0.370714
-1.11143
-3.33464
-4.81643
-5.92821
-6.66893
-7.03964
-7.03964
-6.66893
-5.92821
-6.29857
-6.29857
-5.92821
-6.29857
-7.03964
-8.89214
-10.3739
-10.3739
-11.115
-11.8561
-11.8561
-12.2264
-12.9675
-12.9675
-14.0789
-15.5611
-15.5611
-15.9314
-16.3021
-16.3021
-16.3021
-17.0432
-17.7839
-18.8954
-19.6364
-19.2661
-19.2661
-19.6364
-18.8954
-18.1546
-17.4136
-16.3021
-15.9314
-15.1907
-14.0789
-13.3382
-12.5971
-12.5971
-14.4496
-15.1907
-15.9314
-16.3021
-15.9314
-14.4496
-12.9675
-12.2264
-12.9675
-12.9675
-12.2264
-14.0789
-15.1907
-14.4496
-15.1907
-16.6725
-16.6725
-16.6725
-17.4136
-17.0432
-17.0432
-17.4136
-17.0432
-17.4136
-17.4136
-17.0432
-17.0432
-17.4136
-16.6725
-16.3021
-16.6725
-15.9314
-15.5611
-15.5611
-14.82
-14.4496
-14.0789
-12.9675
-12.5971
