-9.633210000000000051e+00
-1.000360000000000049e+01
-1.000360000000000049e+01
-1.000360000000000049e+01
-1.037390000000000079e+01
-1.037390000000000079e+01
-1.000360000000000049e+01
-1.000360000000000049e+01
-9.633210000000000051e+00
-9.262499999999999289e+00
-9.262499999999999289e+00
-8.892139999999999489e+00
-9.262499999999999289e+00
-8.892139999999999489e+00
-7.410000000000000142e+00
-7.780710000000000015e+00
-7.780710000000000015e+00
-7.039640000000000342e+00
-7.039640000000000342e+00
-6.668929999999999580e+00
-5.928209999999999980e+00
-5.557500000000000107e+00
-5.187140000000000306e+00
-4.075709999999999944e+00
-3.705000000000000071e+00
-2.963929999999999954e+00
-2.223209999999999908e+00
-1.111429999999999918e+00
-3.707139999999999880e-01
1.111429999999999918e+00
2.222859999999999836e+00
2.963929999999999954e+00
3.334290000000000198e+00
3.334290000000000198e+00
3.334290000000000198e+00
2.593570000000000153e+00
2.222859999999999836e+00
2.222859999999999836e+00
2.222859999999999836e+00
2.593570000000000153e+00
2.593570000000000153e+00
1.852500000000000036e+00
1.111429999999999918e+00
3.703569999999999918e-01
-7.410710000000000353e-01
-7.410710000000000353e-01
-7.410710000000000353e-01
-1.111429999999999918e+00
-1.111429999999999918e+00
-1.482140000000000013e+00
-1.111429999999999918e+00
-7.410710000000000353e-01
-3.707139999999999880e-01
1.015060000000000050e-14
3.703569999999999918e-01
7.410710000000000353e-01
7.410710000000000353e-01
1.852500000000000036e+00
2.222859999999999836e+00
2.963929999999999954e+00
3.334290000000000198e+00
3.705000000000000071e+00
4.446069999999999744e+00
4.816430000000000433e+00
5.186790000000000234e+00
5.927859999999999907e+00
6.298569999999999780e+00
7.410000000000000142e+00
8.891790000000000305e+00
9.632860000000000866e+00
1.111500000000000021e+01
1.222639999999999993e+01
1.296749999999999936e+01
1.482000000000000028e+01
1.556070000000000064e+01
1.593140000000000001e+01
1.630180000000000007e+01
1.741319999999999979e+01
1.815429999999999922e+01
1.889539999999999864e+01
1.963639999999999830e+01
2.037750000000000128e+01
2.185930000000000106e+01
2.297070000000000078e+01
2.371180000000000021e+01
2.371180000000000021e+01
2.334140000000000015e+01
2.408249999999999957e+01
2.408249999999999957e+01
2.445289999999999964e+01
2.482319999999999993e+01
2.519389999999999930e+01
2.630539999999999878e+01
2.741679999999999851e+01
2.741679999999999851e+01
2.741679999999999851e+01
2.741679999999999851e+01
2.778750000000000142e+01
2.778750000000000142e+01
2.704639999999999844e+01
2.630539999999999878e+01
2.556429999999999936e+01
2.445289999999999964e+01
2.334140000000000015e+01
2.371180000000000021e+01
2.260040000000000049e+01
2.148890000000000100e+01
2.037750000000000128e+01
2.037750000000000128e+01
1.926569999999999894e+01
1.889539999999999864e+01
1.889539999999999864e+01
2.000679999999999836e+01
2.111820000000000164e+01
2.260040000000000049e+01
2.185930000000000106e+01
2.037750000000000128e+01
1.963639999999999830e+01
1.889539999999999864e+01
1.852499999999999858e+01
1.815429999999999922e+01
1.667249999999999943e+01
1.667249999999999943e+01
1.852499999999999858e+01
1.889539999999999864e+01
1.889539999999999864e+01
2.000679999999999836e+01
2.037750000000000128e+01
2.000679999999999836e+01
2.000679999999999836e+01
2.000679999999999836e+01
2.000679999999999836e+01
2.037750000000000128e+01
2.111820000000000164e+01
2.037750000000000128e+01
2.000679999999999836e+01
1.963639999999999830e+01
1.963639999999999830e+01
1.926569999999999894e+01
1.852499999999999858e+01
1.815429999999999922e+01
1.704289999999999949e+01
1.593140000000000001e+01
1.482000000000000028e+01
1.370819999999999972e+01
1.259680000000000000e+01
1.111500000000000021e+01
9.632860000000000866e+00
8.891790000000000305e+00
7.780359999999999943e+00
6.668929999999999580e+00
5.927859999999999907e+00
5.186790000000000234e+00
4.446069999999999744e+00
3.705000000000000071e+00
2.593570000000000153e+00
1.852500000000000036e+00
1.111429999999999918e+00
-3.707139999999999880e-01
5.075310000000000186e-14
5.075310000000000186e-14
-3.707139999999999880e-01
-1.111429999999999918e+00
-3.707139999999999880e-01
-7.410710000000000353e-01
-1.111429999999999918e+00
-1.852500000000000036e+00
-2.963929999999999954e+00
-2.963929999999999954e+00
-4.075709999999999944e+00
-5.187140000000000306e+00
-6.298569999999999780e+00
-7.780710000000000015e+00
-9.262499999999999289e+00
-1.037390000000000079e+01
-1.111500000000000021e+01
-1.296749999999999936e+01
-1.296749999999999936e+01
-1.296749999999999936e+01
-1.296749999999999936e+01
-1.333820000000000050e+01
-1.370860000000000056e+01
-1.407890000000000086e+01
-1.444960000000000022e+01
-1.482000000000000028e+01
-1.519069999999999965e+01
-1.482000000000000028e+01
-1.519069999999999965e+01
-1.593140000000000001e+01
-1.667249999999999943e+01
-1.704319999999999879e+01
-1.704319999999999879e+01
-1.704319999999999879e+01
-1.741359999999999886e+01
-1.630209999999999937e+01
-1.630209999999999937e+01
-1.630209999999999937e+01
-1.630209999999999937e+01
-1.630209999999999937e+01
-1.630209999999999937e+01
-1.630209999999999937e+01
-1.556109999999999971e+01
-1.519069999999999965e+01
-1.444960000000000022e+01
-1.444960000000000022e+01
-1.370860000000000056e+01
-1.333820000000000050e+01
-1.370860000000000056e+01
-1.482000000000000028e+01
-1.519069999999999965e+01
-1.482000000000000028e+01
-1.444960000000000022e+01
-1.519069999999999965e+01
-1.741359999999999886e+01
-1.852499999999999858e+01
-1.889539999999999864e+01
-1.926610000000000156e+01
-1.926610000000000156e+01
-1.889539999999999864e+01
-1.889539999999999864e+01
-1.889539999999999864e+01
-1.926610000000000156e+01
-1.963639999999999830e+01
-1.778389999999999915e+01
-1.667249999999999943e+01
-1.630209999999999937e+01
-1.593140000000000001e+01
-1.556109999999999971e+01
-1.556109999999999971e+01
-1.519069999999999965e+01
-1.519069999999999965e+01
-1.482000000000000028e+01
-1.482000000000000028e+01
-1.482000000000000028e+01
-1.444960000000000022e+01
-1.407890000000000086e+01
-1.370860000000000056e+01
-1.333820000000000050e+01
-1.296749999999999936e+01
-1.259709999999999930e+01
-1.259709999999999930e+01
-1.222639999999999993e+01
-1.222639999999999993e+01
-1.185609999999999964e+01
-1.185609999999999964e+01
-1.111500000000000021e+01
-1.037390000000000079e+01
-1.111500000000000021e+01
-1.111500000000000021e+01
-1.074460000000000015e+01
-9.633210000000000051e+00
-1.037390000000000079e+01
-1.074460000000000015e+01
-1.185609999999999964e+01
-1.259709999999999930e+01
-1.259709999999999930e+01
-1.296749999999999936e+01
-1.333820000000000050e+01
-1.296749999999999936e+01
-1.296749999999999936e+01
-1.296749999999999936e+01
-1.259709999999999930e+01
-1.259709999999999930e+01
-1.259709999999999930e+01
-1.222639999999999993e+01
-1.185609999999999964e+01
-1.185609999999999964e+01
-1.111500000000000021e+01
-1.074460000000000015e+01
-1.074460000000000015e+01
-1.000360000000000049e+01
-9.633210000000000051e+00
-9.262499999999999289e+00
-9.262499999999999289e+00
-9.262499999999999289e+00
-8.151070000000000704e+00
-7.410000000000000142e+00
-7.039640000000000342e+00
-6.298569999999999780e+00
-5.928209999999999980e+00
-5.187140000000000306e+00
-4.075709999999999944e+00
-2.963929999999999954e+00
-2.223209999999999908e+00
-7.410710000000000353e-01
-5.075310000000000186e-14
7.410710000000000353e-01
1.481789999999999941e+00
1.481789999999999941e+00
1.111429999999999918e+00
7.410710000000000353e-01
7.410710000000000353e-01
-5.075310000000000186e-14
7.410710000000000353e-01
3.703569999999999918e-01
-6.090370000000000079e-14
-3.707139999999999880e-01
-7.410710000000000353e-01
-1.482140000000000013e+00
-2.593570000000000153e+00
-3.705000000000000071e+00
-3.334639999999999826e+00
-3.334639999999999826e+00
-3.705000000000000071e+00
-3.705000000000000071e+00
-2.963929999999999954e+00
-2.963929999999999954e+00
-2.963929999999999954e+00
-2.593570000000000153e+00
-1.852500000000000036e+00
-1.111429999999999918e+00
3.703569999999999918e-01
3.703569999999999918e-01
3.703569999999999918e-01
7.410710000000000353e-01
7.410710000000000353e-01
1.481789999999999941e+00
1.852500000000000036e+00
2.222859999999999836e+00
2.593570000000000153e+00
2.593570000000000153e+00
3.334290000000000198e+00
4.446069999999999744e+00
5.186790000000000234e+00
6.298569999999999780e+00
7.780359999999999943e+00
8.891790000000000305e+00
1.000360000000000049e+01
1.111500000000000021e+01
1.222639999999999993e+01
1.370819999999999972e+01
1.482000000000000028e+01
1.519040000000000035e+01
1.593140000000000001e+01
1.704289999999999949e+01
1.741319999999999979e+01
1.852499999999999858e+01
2.000679999999999836e+01
2.074790000000000134e+01
2.223000000000000043e+01
2.260040000000000049e+01
2.260040000000000049e+01
2.297070000000000078e+01
2.334140000000000015e+01
2.334140000000000015e+01
2.408249999999999957e+01
2.445289999999999964e+01
2.630539999999999878e+01
2.704639999999999844e+01
2.704639999999999844e+01
2.704639999999999844e+01
2.741679999999999851e+01
2.741679999999999851e+01
2.704639999999999844e+01
2.778750000000000142e+01
2.815790000000000148e+01
2.852819999999999823e+01
2.778750000000000142e+01
2.741679999999999851e+01
2.667569999999999908e+01
2.519389999999999930e+01
2.445289999999999964e+01
2.371180000000000021e+01
2.260040000000000049e+01
2.185930000000000106e+01
2.111820000000000164e+01
2.000679999999999836e+01
1.815429999999999922e+01
1.630180000000000007e+01
1.704289999999999949e+01
1.815429999999999922e+01
1.815429999999999922e+01
1.778389999999999915e+01
1.778389999999999915e+01
1.852499999999999858e+01
1.852499999999999858e+01
1.778389999999999915e+01
1.778389999999999915e+01
1.778389999999999915e+01
1.778389999999999915e+01
1.778389999999999915e+01
1.778389999999999915e+01
1.741319999999999979e+01
1.778389999999999915e+01
1.889539999999999864e+01
1.852499999999999858e+01
1.889539999999999864e+01
1.926569999999999894e+01
1.889539999999999864e+01
1.815429999999999922e+01
1.778389999999999915e+01
1.667249999999999943e+01
1.593140000000000001e+01
1.630180000000000007e+01
1.667249999999999943e+01
1.630180000000000007e+01
1.556070000000000064e+01
1.482000000000000028e+01
1.407890000000000086e+01
1.296749999999999936e+01
1.185609999999999964e+01
1.074430000000000085e+01
9.632860000000000866e+00
8.521430000000000504e+00
7.410000000000000142e+00
6.298569999999999780e+00
5.557500000000000107e+00
4.446069999999999744e+00
3.334290000000000198e+00
2.222859999999999836e+00
1.481789999999999941e+00
-3.707139999999999880e-01
-3.707139999999999880e-01
-3.707139999999999880e-01
-1.111429999999999918e+00
-3.334639999999999826e+00
-4.816430000000000433e+00
-5.928209999999999980e+00
-6.668929999999999580e+00
-7.039640000000000342e+00
-7.039640000000000342e+00
-6.668929999999999580e+00
-5.928209999999999980e+00
-6.298569999999999780e+00
-6.298569999999999780e+00
-5.928209999999999980e+00
-6.298569999999999780e+00
-7.039640000000000342e+00
-8.892139999999999489e+00
-1.037390000000000079e+01
-1.037390000000000079e+01
-1.111500000000000021e+01
-1.185609999999999964e+01
-1.185609999999999964e+01
-1.222639999999999993e+01
-1.296749999999999936e+01
-1.296749999999999936e+01
-1.407890000000000086e+01
-1.556109999999999971e+01
-1.556109999999999971e+01
-1.593140000000000001e+01
-1.630209999999999937e+01
-1.630209999999999937e+01
-1.630209999999999937e+01
-1.704319999999999879e+01
-1.778389999999999915e+01
-1.889539999999999864e+01
-1.963639999999999830e+01
-1.926610000000000156e+01
-1.926610000000000156e+01
-1.963639999999999830e+01
-1.889539999999999864e+01
-1.815459999999999852e+01
-1.741359999999999886e+01
-1.630209999999999937e+01
-1.593140000000000001e+01
-1.519069999999999965e+01
-1.407890000000000086e+01
-1.333820000000000050e+01
-1.259709999999999930e+01
-1.259709999999999930e+01
-1.444960000000000022e+01
-1.519069999999999965e+01
-1.593140000000000001e+01
-1.630209999999999937e+01
-1.593140000000000001e+01
-1.444960000000000022e+01
-1.296749999999999936e+01
-1.222639999999999993e+01
-1.296749999999999936e+01
-1.296749999999999936e+01
-1.222639999999999993e+01
-1.407890000000000086e+01
-1.519069999999999965e+01
-1.444960000000000022e+01
-1.519069999999999965e+01
-1.667249999999999943e+01
-1.667249999999999943e+01
-1.667249999999999943e+01
-1.741359999999999886e+01
-1.704319999999999879e+01
-1.704319999999999879e+01
-1.741359999999999886e+01
-1.704319999999999879e+01
-1.741359999999999886e+01
-1.741359999999999886e+01
-1.704319999999999879e+01
-1.704319999999999879e+01
-1.741359999999999886e+01
-1.667249999999999943e+01
-1.630209999999999937e+01
-1.667249999999999943e+01
-1.593140000000000001e+01
-1.556109999999999971e+01
-1.556109999999999971e+01
-1.482000000000000028e+01
-1.444960000000000022e+01
-1.407890000000000086e+01
-1.296749999999999936e+01
-1.259709999999999930e+01
